-5085.976
-5085.976
-5085.976
-5085.976
-5085.977
-5085.976
-5085.976
-5085.977
-5085.976
-5085.976
-5085.977
-5085.977
-5085.98
-5085.985
-5085.995
-5086.01
-5086.032
-5086.063
-5086.106
-5086.163
-5086.231
-5086.311
-5086.402
-5086.503
-5086.611
-5086.724
-5086.838
-5086.956
-5087.073
-5087.191
-5087.311
-5087.434
-5087.562
-5087.695
-5087.839
-5087.995
-5088.165
-5088.351
-5088.555
-5088.779
-5089.025
-5089.296
-5089.592
-5089.915
-5090.264
-5090.641
-5091.043
-5091.473
-5091.928
-5092.407
-5092.909
-5093.433
-5093.98
-5094.548
-5095.136
-5095.745
-5096.372
-5097.019
-5097.685
-5098.367
-5099.066
-5099.781
-5100.51
-5101.252
-5102.006
-5102.77
-5103.545
-5104.329
-5105.119
-5105.917
-5106.722
-5107.533
-5108.348
-5109.169
-5109.993
-5110.82
-5111.648
-5112.478
-5113.307
-5114.133
-5114.957
-5115.777
-5116.593
-5117.403
-5118.209
-5119.011
-5119.809
-5120.604
-5121.398
-5122.192
-5122.989
-5123.793
-5124.606
-5125.434
-5126.281
-5127.15
-5128.047
-5128.97
-5129.923
-5130.904
-5131.91
-5132.937
-5133.982
-5135.039
-5136.104
-5137.173
-5138.245
-5139.316
-5140.384
-5141.45
-5142.511
-5143.569
-5144.621
-5145.668
-5146.711
-5147.746
-5148.775
-5149.797
-5150.811
-5151.818
-5152.816
-5153.808
-5154.797
-5155.783
-5156.77
-5157.76
-5158.757
-5159.764
-5160.783
-5161.817
-5162.868
-5163.935
-5165.02
-5166.124
-5167.247
-5168.386
-5169.543
-5170.716
-5171.904
-5173.105
-5174.317
-5175.536
-5176.758
-5177.975
-5179.177
-5180.351
-5181.48
-5182.548
-5183.533
-5184.414
-5185.178
-5185.813
-5186.32
-5186.702
-5186.972
-5187.146
-5187.249
-5187.305
-5187.338
-5187.367
-5187.405
-5187.466
-5187.555
-5187.678
-5187.834
-5188.023
-5188.244
-5188.496
-5188.777
-5189.087
-5189.424
-5189.787
-5190.174
-5190.584
-5191.016
-5191.468
-5191.941
-5192.434
-5192.946
-5193.478
-5194.029
-5194.601
-5195.192
-5195.806
-5196.44
-5197.098
-5197.776
-5198.479
-5199.207
-5199.959
-5200.734
-5201.535
-5202.358
-5203.205
-5204.073
-5204.96
-5205.867
-5206.79
-5207.73
-5208.686
-5209.657
-5210.645
-5211.649
-5212.67
-5213.709
-5214.766
-5215.84
-5216.932
-5218.039
-5219.161
-5220.296
-5221.444
-5222.6
-5223.763
-5224.931
-5226.104
-5227.28
-5228.457
-5229.633
-5230.807
-5231.978
-5233.144
-5234.303
-5235.457
-5236.603
-5237.739
-5238.867
-5239.982
-5241.088
-5242.181
-5243.261
-5244.325
-5245.373
-5246.403
-5247.414
-5248.403
-5249.372
-5250.318
-5251.243
-5252.148
-5253.032
-5253.898
-5254.747
-5255.583
-5256.405
-5257.216
-5258.02
-5258.816
-5259.607
-5260.396
-5261.184
-5261.973
-5262.764
-5263.557
-5264.356
-5265.161
-5265.97
-5266.787
-5267.61
-5268.439
-5269.273
-5270.11
-5270.946
-5271.781
-5272.608
-5273.426
-5274.231
-5275.021
-5275.799
-5276.564
-5277.324
-5278.081
-5278.843
-5279.62
-5280.414
-5281.234
-5282.082
-5282.957
-5283.86
-5284.789
-5285.738
-5286.703
-5287.681
-5288.667
-5289.66
-5290.657
-5291.659
-5292.665
-5293.676
-5294.695
-5295.72
-5296.753
-5297.792
-5298.838
-5299.89
-5300.944
-5302
-5303.056
-5304.109
-5305.163
-5306.215
-5307.267
-5308.321
-5309.38
-5310.445
-5311.517
-5312.598
-5313.683
-5314.772
-5315.859
-5316.938
-5318.003
-5319.046
-5320.061
-5321.044
-5321.995
-5322.913
-5323.8
-5324.661
-5325.5
-5326.325
-5327.141
-5327.95
-5328.758
-5329.567
-5330.379
-5331.198
-5332.02
-5332.848
-5333.682
-5334.522
-5335.367
-5336.217
-5337.072
-5337.93
-5338.792
-5339.656
-5340.521
-5341.387
-5342.254
-5343.123
-5343.991
-5344.86
-5345.731
-5346.604
-5347.479
-5348.357
-5349.241
-5350.132
-5351.032
-5351.943
-5352.868
-5353.808
-5354.764
-5355.737
-5356.729
-5357.74
-5358.77
-5359.817
-5360.882
-5361.965
-5363.063
-5364.178
-5365.307
-5366.45
-5367.605
-5368.773
-5369.952
-5371.141
-5372.342
-5373.553
-5374.776
-5376.011
-5377.26
-5378.524
-5379.804
-5381.099
-5382.409
-5383.732
-5385.067
-5386.411
-5387.759
-5389.109
-5390.457
-5391.798
-5393.126
-5394.438
-5395.729
-5396.991
-5398.222
-5399.414
-5400.566
-5401.678
-5402.75
-5403.785
-5404.788
-5405.766
-5406.723
-5407.67
-5408.61
-5409.549
-5410.49
-5411.434
-5412.383
-5413.338
-5414.3
-5415.264
-5416.23
-5417.2
-5418.168
-5419.135
-5420.099
-5421.055
-5422.003
-5422.942
-5423.872
-5424.792
-5425.706
-5426.613
-5427.518
-5428.424
-5429.335
-5430.256
-5431.189
-5432.14
-5433.111
-5434.107
-5435.133
-5436.191
-5437.285
-5438.416
-5439.583
-5440.784
-5442.019
-5443.282
-5444.568
-5445.871
-5447.185
-5448.507
-5449.83
-5451.151
-5452.468
-5453.778
-5455.078
-5456.364
-5457.637
-5458.896
-5460.137
-5461.36
-5462.564
-5463.747
-5464.909
-5466.049
-5467.167
-5468.263
-5469.338
-5470.392
-5471.427
-5472.444
-5473.445
-5474.434
-5475.409
-5476.373
-5477.327
-5478.272
-5479.209
-5480.139
-5481.063
-5481.98
-5482.893
-5483.802
-5484.708
-5485.613
-5486.518
-5487.423
-5488.333
-5489.246
-5490.165
-5491.09
-5492.023
-5492.964
-5493.916
-5494.875
-5495.845
-5496.826
-5497.816
-5498.817
-5499.828
-5500.849
-5501.88
-5502.921
-5503.972
-5505.03
-5506.099
-5507.175
-5508.261
-5509.354
-5510.455
-5511.564
-5512.68
-5513.804
-5514.935
-5516.072
-5517.216
-5518.365
-5519.521
-5520.68
-5521.845
-5523.015
-5524.188
-5525.366
-5526.547
-5527.732
-5528.921
-5530.114
-5531.312
-5532.513
-5533.717
-5534.926
-5536.141
-5537.36
-5538.583
-5539.807
-5541.027
-5542.237
-5543.423
-5544.576
-5545.677
-5546.709
-5547.655
-5548.503
-5549.249
-5549.892
-5550.438
-5550.9
-5551.298
-5551.657
-5551.999
-5552.348
-5552.721
-5553.135
-5553.598
-5554.119
-5554.703
-5555.349
-5556.059
-5556.832
-5557.667
-5558.564
-5559.522
-5560.537
-5561.609
-5562.737
-5563.917
-5565.146
-5566.42
-5567.737
-5569.09
-5570.479
-5571.895
-5573.333
-5574.79
-5576.26
-5577.74
-5579.227
-5580.716
-5582.205
-5583.691
-5585.172
-5586.646
-5588.109
-5589.559
-5590.991
-5592.404
-5593.792
-5595.151
-5596.48
-5597.775
-5599.033
-5600.254
-5601.438
-5602.583
-5603.692
-5604.766
-5605.807
-5606.817
-5607.8
-5608.76
-5609.701
-5610.628
-5611.545
-5612.459
-5613.376
-5614.297
-5615.228
-5616.17
-5617.127
-5618.101
-5619.09
-5620.098
-5621.124
-5622.168
-5623.231
-5624.314
-5625.416
-5626.537
-5627.677
-5628.837
-5630.016
-5631.213
-5632.427
-5633.656
-5634.898
-5636.153
-5637.417
-5638.689
-5639.969
-5641.254
-5642.544
-5643.838
-5645.138
-5646.441
-5647.751
-5649.069
-5650.393
-5651.723
-5653.062
-5654.408
-5655.762
-5657.125
-5658.495
-5659.872
-5661.255
-5662.645
-5664.037
-5665.432
-5666.829
-5668.223
-5669.614
-5671.001
-5672.383
-5673.76
-5675.131
-5676.497
-5677.86
-5679.22
-5680.581
-5681.94
-5683.301
-5684.665
-5686.03
-5687.398
-5688.77
-5690.143
-5691.52
-5692.899
-5694.28
-5695.662
-5697.046
-5698.429
-5699.813
-5701.195
-5702.575
-5703.952
-5705.324
-5706.688
-5708.047
-5709.394
-5710.731
-5712.053
-5713.362
-5714.654
-5715.93
-5717.189
-5718.432
-5719.657
-5720.867
-5722.062
-5723.243
-5724.409
-5725.563
-5726.706
-5727.839
-5728.962
-5730.078
-5731.188
-5732.292
-5733.391
-5734.485
-5735.574
-5736.657
-5737.735
-5738.807
-5739.871
-5740.928
-5741.977
-5743.018
-5744.049
-5745.071
-5746.085
-5747.087
-5748.081
-5749.062
-5750.031
-5750.988
-5751.931
-5752.859
-5753.771
-5754.666
-5755.543
-5756.401
-5757.24
-5758.061
-5758.86
-5759.641
-5760.401
-5761.144
-5761.867
-5762.573
-5763.263
-5763.937
-5764.597
-5765.244
-5765.88
-5766.508
-5767.128
-5767.743
-5768.353
-5768.961
-5769.568
-5770.179
-5770.791
-5771.407
-5772.03
-5772.659
-5773.294
-5773.939
-5774.59
-5775.251
-5775.918
-5776.594
-5777.279
-5777.971
-5778.67
-5779.378
-5780.093
-5780.815
-5781.544
-5782.281
-5783.024
-5783.775
-5784.533
-5785.298
-5786.069
-5786.847
-5787.634
-5788.427
-5789.228
-5790.037
-5790.854
-5791.681
-5792.518
-5793.364
-5794.222
-5795.089
-5795.967
-5796.855
-5797.755
-5798.663
-5799.58
-5800.505
-5801.439
-5802.38
-5803.328
-5804.283
-5805.243
-5806.21
-5807.183
-5808.161
-5809.144
-5810.132
-5811.126
-5812.126
-5813.129
-5814.137
-5815.149
-5816.16
-5817.167
-5818.157
-5819.124
-5820.053
-5820.931
-5821.74
-5822.468
-5823.106
-5823.652
-5824.106
-5824.477
-5824.775
-5825.021
-5825.231
-5825.428
-5825.626
-5825.841
-5826.082
-5826.356
-5826.67
-5827.025
-5827.42
-5827.856
-5828.332
-5828.844
-5829.393
-5829.975
-5830.587
-5831.226
-5831.888
-5832.571
-5833.271
-5833.989
-5834.718
-5835.462
-5836.217
-5836.983
-5837.761
-5838.551
-5839.35
-5840.161
-5840.982
-5841.814
-5842.658
-5843.514
-5844.381
-5845.26
-5846.15
-5847.05
-5847.96
-5848.879
-5849.805
-5850.737
-5851.673
-5852.612
-5853.551
-5854.491
-5855.428
-5856.363
-5857.294
-5858.218
-5859.134
-5860.043
-5860.942
-5861.83
-5862.705
-5863.566
-5864.412
-5865.242
-5866.055
-5866.849
-5867.623
-5868.375
-5869.104
-5869.811
-5870.491
-5871.146
-5871.773
-5872.376
-5872.953
-5873.506
-5874.04
-5874.554
-5875.053
-5875.539
-5876.016
-5876.485
-5876.95
-5877.413
-5877.877
-5878.342
-5878.813
-5879.288
-5879.769
-5880.257
-5880.75
-5881.249
-5881.75
-5882.251
-5882.752
-5883.249
-5883.743
-5884.23
-5884.713
-5885.187
-5885.655
-5886.117
-5886.573
-5887.022
-5887.466
-5887.906
-5888.344
-5888.778
-5889.211
-5889.645
-5890.08
-5890.518
-5890.959
-5891.406
-5891.858
-5892.318
-5892.784
-5893.26
-5893.745
-5894.24
-5894.745
-5895.261
-5895.79
-5896.332
-5896.885
-5897.451
-5898.031
-5898.625
-5899.23
-5899.85
-5900.481
-5901.124
-5901.776
-5902.439
-5903.11
-5903.788
-5904.474
-5905.164
-5905.858
-5906.555
-5907.255
-5907.956
-5908.655
-5909.353
-5910.048
-5910.742
-5911.43
-5912.114
-5912.791
-5913.461
-5914.124
-5914.777
-5915.421
-5916.053
-5916.672
-5917.277
-5917.868
-5918.441
-5918.998
-5919.538
-5920.059
-5920.563
-5921.049
-5921.519
-5921.973
-5922.411
-5922.835
-5923.247
-5923.647
-5924.039
-5924.424
-5924.803
-5925.181
-5925.556
-5925.932
-5926.31
-5926.688
-5927.07
-5927.454
-5927.841
-5928.231
-5928.623
-5929.018
-5929.417
-5929.816
-5930.22
-5930.625
-5931.034
-5931.445
-5931.86
-5932.28
-5932.706
-5933.14
-5933.583
-5934.035
-5934.501
-5934.983
-5935.483
-5936.006
-5936.555
-5937.132
-5937.744
-5938.396
-5939.102
-5939.885
-5940.773
-5941.801
-5943.016
-5944.467
