-5085.976
-5085.976
-5085.976
-5085.976
-5085.977
-5085.977
-5085.977
-5085.976
-5085.976
-5085.976
-5085.977
-5085.977
-5085.976
-5085.977
-5085.976
-5085.977
-5085.976
-5085.976
-5085.976
-5085.976
-5085.977
-5085.978
-5085.981
-5085.986
-5085.995
-5086.008
-5086.026
-5086.053
-5086.088
-5086.135
-5086.195
-5086.27
-5086.362
-5086.477
-5086.613
-5086.776
-5086.968
-5087.191
-5087.449
-5087.741
-5088.071
-5088.44
-5088.847
-5089.293
-5089.78
-5090.305
-5090.87
-5091.471
-5092.11
-5092.783
-5093.489
-5094.225
-5094.99
-5095.78
-5096.592
-5097.425
-5098.275
-5099.142
-5100.022
-5100.917
-5101.819
-5102.733
-5103.654
-5104.581
-5105.515
-5106.453
-5107.395
-5108.341
-5109.29
-5110.24
-5111.195
-5112.151
-5113.108
-5114.069
-5115.032
-5115.996
-5116.96
-5117.926
-5118.893
-5119.86
-5120.829
-5121.797
-5122.766
-5123.734
-5124.703
-5125.67
-5126.638
-5127.605
-5128.571
-5129.535
-5130.499
-5131.462
-5132.423
-5133.383
-5134.34
-5135.296
-5136.25
-5137.202
-5138.151
-5139.098
-5140.042
-5140.984
-5141.923
-5142.859
-5143.792
-5144.722
-5145.649
-5146.572
-5147.491
-5148.408
-5149.32
-5150.229
-5151.134
-5152.034
-5152.931
-5153.823
-5154.711
-5155.595
-5156.474
-5157.348
-5158.218
-5159.083
-5159.943
-5160.798
-5161.648
-5162.493
-5163.334
-5164.169
-5165
-5165.827
-5166.649
-5167.466
-5168.28
-5169.089
-5169.895
-5170.697
-5171.495
-5172.291
-5173.083
-5173.874
-5174.663
-5175.448
-5176.232
-5177.015
-5177.795
-5178.576
-5179.354
-5180.132
-5180.911
-5181.688
-5182.465
-5183.241
-5184.019
-5184.796
-5185.574
-5186.353
-5187.131
-5187.911
-5188.692
-5189.474
-5190.258
-5191.042
-5191.828
-5192.616
-5193.406
-5194.198
-5194.992
-5195.789
-5196.589
-5197.391
-5198.197
-5199.006
-5199.819
-5200.635
-5201.455
-5202.279
-5203.107
-5203.94
-5204.777
-5205.619
-5206.466
-5207.318
-5208.174
-5209.036
-5209.904
-5210.777
-5211.655
-5212.54
-5213.43
-5214.326
-5215.228
-5216.136
-5217.051
-5217.972
-5218.899
-5219.833
-5220.772
-5221.72
-5222.673
-5223.633
-5224.601
-5225.574
-5226.555
-5227.543
-5228.538
-5229.54
-5230.548
-5231.564
-5232.588
-5233.619
-5234.658
-5235.703
-5236.756
-5237.817
-5238.887
-5239.963
-5241.049
-5242.143
-5243.244
-5244.355
-5245.476
-5246.604
-5247.744
-5248.892
-5250.049
-5251.217
-5252.394
-5253.582
-5254.779
-5255.987
-5257.205
-5258.432
-5259.668
-5260.916
-5262.171
-5263.436
-5264.709
-5265.992
-5267.282
-5268.581
-5269.887
-5271.2
-5272.519
-5273.846
-5275.179
-5276.518
-5277.862
-5279.211
-5280.565
-5281.923
-5283.287
-5284.652
-5286.023
-5287.395
-5288.771
-5290.148
-5291.529
-5292.911
-5294.294
-5295.679
-5297.063
-5298.448
-5299.832
-5301.216
-5302.598
-5303.977
-5305.354
-5306.729
-5308.1
-5309.466
-5310.827
-5312.184
-5313.533
-5314.875
-5316.21
-5317.537
-5318.856
-5320.166
-5321.466
-5322.757
-5324.04
-5325.312
-5326.576
-5327.831
-5329.077
-5330.314
-5331.543
-5332.766
-5333.98
-5335.189
-5336.392
-5337.592
-5338.786
-5339.977
-5341.166
-5342.351
-5343.534
-5344.716
-5345.896
-5347.075
-5348.253
-5349.43
-5350.607
-5351.784
-5352.961
-5354.137
-5355.313
-5356.489
-5357.664
-5358.838
-5360.013
-5361.187
-5362.36
-5363.532
-5364.705
-5365.876
-5367.048
-5368.22
-5369.39
-5370.56
-5371.731
-5372.901
-5374.07
-5375.241
-5376.412
-5377.583
-5378.754
-5379.926
-5381.097
-5382.271
-5383.445
-5384.62
-5385.795
-5386.972
-5388.15
-5389.33
-5390.51
-5391.692
-5392.876
-5394.061
-5395.248
-5396.437
-5397.627
-5398.82
-5400.014
-5401.21
-5402.409
-5403.609
-5404.811
-5406.016
-5407.222
-5408.431
-5409.642
-5410.854
-5412.067
-5413.284
-5414.502
-5415.722
-5416.942
-5418.166
-5419.39
-5420.615
-5421.842
-5423.071
-5424.3
-5425.532
-5426.764
-5427.999
-5429.233
-5430.47
-5431.709
-5432.949
-5434.19
-5435.434
-5436.679
-5437.926
-5439.175
-5440.425
-5441.679
-5442.935
-5444.192
-5445.452
-5446.714
-5447.979
-5449.247
-5450.517
-5451.789
-5453.065
-5454.343
-5455.623
-5456.907
-5458.193
-5459.482
-5460.774
-5462.069
-5463.367
-5464.667
-5465.971
-5467.278
-5468.587
-5469.899
-5471.214
-5472.533
-5473.854
-5475.178
-5476.505
-5477.833
-5479.167
-5480.502
-5481.84
-5483.181
-5484.524
-5485.872
-5487.221
-5488.573
-5489.928
-5491.285
-5492.644
-5494.007
-5495.372
-5496.739
-5498.108
-5499.48
-5500.854
-5502.231
-5503.609
-5504.99
-5506.372
-5507.757
-5509.143
-5510.532
-5511.923
-5513.317
-5514.712
-5516.11
-5517.511
-5518.915
-5520.321
-5521.73
-5523.144
-5524.561
-5525.982
-5527.408
-5528.838
-5530.273
-5531.713
-5533.158
-5534.609
-5536.065
-5537.525
-5538.992
-5540.465
-5541.941
-5543.423
-5544.91
-5546.401
-5547.896
-5549.395
-5550.897
-5552.402
-5553.909
-5555.419
-5556.931
-5558.443
-5559.956
-5561.471
-5562.986
-5564.5
-5566.016
-5567.53
-5569.044
-5570.559
-5572.072
-5573.585
-5575.097
-5576.608
-5578.119
-5579.629
-5581.139
-5582.647
-5584.155
-5585.661
-5587.166
-5588.668
-5590.168
-5591.667
-5593.161
-5594.652
-5596.138
-5597.621
-5599.098
-5600.567
-5602.031
-5603.486
-5604.933
-5606.37
-5607.798
-5609.215
-5610.623
-5612.019
-5613.404
-5614.778
-5616.141
-5617.492
-5618.833
-5620.162
-5621.481
-5622.79
-5624.089
-5625.379
-5626.662
-5627.936
-5629.202
-5630.461
-5631.716
-5632.964
-5634.207
-5635.445
-5636.678
-5637.908
-5639.133
-5640.356
-5641.575
-5642.79
-5644.002
-5645.211
-5646.418
-5647.621
-5648.822
-5650.021
-5651.215
-5652.407
-5653.597
-5654.784
-5655.968
-5657.149
-5658.328
-5659.503
-5660.677
-5661.847
-5663.013
-5664.177
-5665.337
-5666.497
-5667.65
-5668.802
-5669.95
-5671.095
-5672.236
-5673.374
-5674.509
-5675.64
-5676.767
-5677.891
-5679.01
-5680.127
-5681.239
-5682.348
-5683.453
-5684.553
-5685.65
-5686.744
-5687.833
-5688.917
-5689.999
-5691.075
-5692.148
-5693.216
-5694.281
-5695.34
-5696.396
-5697.447
-5698.493
-5699.535
-5700.572
-5701.604
-5702.631
-5703.654
-5704.671
-5705.683
-5706.69
-5707.692
-5708.688
-5709.679
-5710.665
-5711.644
-5712.618
-5713.586
-5714.549
-5715.505
-5716.456
-5717.401
-5718.34
-5719.273
-5720.2
-5721.121
-5722.036
-5722.945
-5723.848
-5724.745
-5725.636
-5726.52
-5727.398
-5728.269
-5729.134
-5729.993
-5730.846
-5731.691
-5732.53
-5733.362
-5734.187
-5735.006
-5735.816
-5736.62
-5737.417
-5738.207
-5738.988
-5739.763
-5740.53
-5741.29
-5742.042
-5742.787
-5743.523
-5744.254
-5744.976
-5745.69
-5746.398
-5747.1
-5747.793
-5748.479
-5749.159
-5749.831
-5750.496
-5751.155
-5751.807
-5752.453
-5753.092
-5753.724
-5754.351
-5754.97
-5755.582
-5756.189
-5756.79
-5757.384
-5757.972
-5758.553
-5759.128
-5759.698
-5760.261
-5760.819
-5761.371
-5761.916
-5762.456
-5762.991
-5763.521
-5764.045
-5764.564
-5765.079
-5765.589
-5766.097
-5766.6
-5767.098
-5767.594
-5768.087
-5768.578
-5769.066
-5769.552
-5770.038
-5770.521
-5771.003
-5771.484
-5771.965
-5772.446
-5772.927
-5773.407
-5773.889
-5774.371
-5774.854
-5775.337
-5775.823
-5776.31
-5776.797
-5777.288
-5777.779
-5778.273
-5778.769
-5779.269
-5779.769
-5780.273
-5780.78
-5781.29
-5781.802
-5782.318
-5782.837
-5783.36
-5783.885
-5784.414
-5784.947
-5785.483
-5786.022
-5786.566
-5787.112
-5787.663
-5788.218
-5788.775
-5789.338
-5789.904
-5790.474
-5791.047
-5791.625
-5792.206
-5792.792
-5793.381
-5793.974
-5794.571
-5795.171
-5795.776
-5796.385
-5796.997
-5797.613
-5798.232
-5798.855
-5799.483
-5800.114
-5800.749
-5801.386
-5802.026
-5802.671
-5803.319
-5803.97
-5804.625
-5805.281
-5805.942
-5806.604
-5807.271
-5807.939
-5808.61
-5809.285
-5809.961
-5810.641
-5811.323
-5812.008
-5812.695
-5813.385
-5814.078
-5814.772
-5815.469
-5816.17
-5816.873
-5817.578
-5818.287
-5818.997
-5819.71
-5820.427
-5821.146
-5821.867
-5822.59
-5823.317
-5824.046
-5824.778
-5825.511
-5826.247
-5826.986
-5827.726
-5828.468
-5829.213
-5829.959
-5830.709
-5831.459
-5832.211
-5832.965
-5833.72
-5834.477
-5835.235
-5835.995
-5836.756
-5837.518
-5838.282
-5839.045
-5839.811
-5840.577
-5841.343
-5842.111
-5842.879
-5843.646
-5844.416
-5845.185
-5845.954
-5846.722
-5847.493
-5848.26
-5849.029
-5849.797
-5850.564
-5851.331
-5852.097
-5852.86
-5853.625
-5854.385
-5855.146
-5855.905
-5856.662
-5857.417
-5858.169
-5858.92
-5859.668
-5860.415
-5861.159
-5861.899
-5862.637
-5863.374
-5864.106
-5864.837
-5865.564
-5866.29
-5867.012
-5867.73
-5868.446
-5869.16
-5869.871
-5870.579
-5871.283
-5871.984
-5872.683
-5873.378
-5874.071
-5874.76
-5875.446
-5876.129
-5876.808
-5877.484
-5878.156
-5878.825
-5879.491
-5880.151
-5880.809
-5881.462
-5882.113
-5882.758
-5883.4
-5884.037
-5884.67
-5885.299
-5885.922
-5886.542
-5887.157
-5887.768
-5888.373
-5888.973
-5889.568
-5890.158
-5890.743
-5891.322
-5891.896
-5892.464
-5893.027
-5893.583
-5894.135
-5894.679
-5895.219
-5895.752
-5896.28
-5896.801
-5897.316
-5897.825
-5898.328
-5898.824
-5899.314
-5899.799
-5900.275
-5900.747
-5901.212
-5901.67
-5902.123
-5902.568
-5903.009
-5903.443
-5903.871
-5904.293
-5904.709
-5905.119
-5905.524
-5905.924
-5906.318
-5906.708
-5907.091
-5907.469
-5907.844
-5908.214
-5908.58
-5908.94
-5909.298
-5909.651
-5910
-5910.347
-5910.689
-5911.029
-5911.366
-5911.701
-5912.032
-5912.362
-5912.69
-5913.016
-5913.34
-5913.663
-5913.984
-5914.305
-5914.624
-5914.942
-5915.259
-5915.576
-5915.892
-5916.207
-5916.521
-5916.835
-5917.149
-5917.463
-5917.775
-5918.086
-5918.397
-5918.709
-5919.019
-5919.328
-5919.638
-5919.946
-5920.253
-5920.56
-5920.867
-5921.172
-5921.477
-5921.78
-5922.084
-5922.385
-5922.687
-5922.987
-5923.287
-5923.584
-5923.881
-5924.178
-5924.473
-5924.766
-5925.059
-5925.35
-5925.64
-5925.929
-5926.217
-5926.502
-5926.788
-5927.071
-5927.354
-5927.635
-5927.917
-5928.195
-5928.473
-5928.75
-5929.025
-5929.299
-5929.574
-5929.847
-5930.119
-5930.391
-5930.662
-5930.933
-5931.202
-5931.473
-5931.744
-5932.014
-5932.285
-5932.557
-5932.829
-5933.103
-5933.377
-5933.653
-5933.932
-5934.211
-5934.494
-5934.779
-5935.066
-5935.357
-5935.652
-5935.951
-5936.253
-5936.561
-5936.874
-5937.192
-5937.517
-5937.848
-5938.187
-5938.536
-5938.896
-5939.27
-5939.661
-5940.07
-5940.502
-5940.959
-5941.445
-5941.966
-5942.524
-5943.125
-5943.773
-5944.474
